 128 
 255 
 10 
 86 
 99 
 13 
 100 
 150 
 14 
 72 
 1 
 88 
 144 
 90 
 6 
 19 
 93 
 20 
 32 
 79 
 80 
 33 
 28 
 64 
 211 
 200 
 233 
 163 
 217 
 125 
 147 
 183 
 99 
 168 
 236 
 121 
 19 
 52 
 73 
 36 
 85 
 56 
 40 
 69 
 164 
 55 
 4 
 7 
 91 
 45 
 56 
 83 
 0 
 0 
 198 
 248 
 0 
 0 
 234 
 254 
 234 
 254 
 29 
 254 
 40 
 254 
 157 
 254 
 157 
 254 
 84 
 254 
 0 
 0 
 135 
 115 
 149 
 0 
 0 
 0 
 7 
 0 
 2 
 4 
 1 
 1 
 103 
 253 
 183 
 253 
 255 
 255 
 5 
 93 
 0 
 1 
 128 
 255 
 25 
 0 
 0 
 32 
 0 
 2 
 0 
 0 
 46 
 253 
 0 
 80 
 255 
 198 
 1 
 255 
 0 
 118 
 58 
 237 
 255 
 80 
 255 
 28 
 12 
 192 
 2 
 11 
 0 
 0 
 124 
 26 
