 128 
 255 
 104 
 119 
 66 
 79 
 67 
 123 
 108 
 45 
 67 
 115 
 117 
 24 
 39 
 146 
 159 
 147 
 5 
 13 
 53 
 99 
 55 
 37 
 153 
 154 
 23 
 56 
 7 
 75 
 74 
 118 
 7 
 218 
 186 
 228 
 229 
 204 
 237 
 188 
 35 
 163 
 246 
 233 
 214 
 5 
 6 
 255 
 91 
 173 
 33 
 157 
 0 
 2 
 69 
 13 
 0 
 0 
 234 
 254 
 234 
 254 
 29 
 254 
 51 
 254 
 157 
 254 
 157 
 254 
 84 
 254 
 1 
 0 
 128 
 115 
 149 
 0 
 0 
 0 
 25 
 0 
 2 
 4 
 1 
 1 
 103 
 253 
 183 
 253 
 255 
 255 
 7 
 103 
 0 
 1 
 128 
 255 
 21 
 0 
 0 
 0 
 0 
 0 
 0 
 128 
 46 
 253 
 0 
 80 
 255 
 198 
 1 
 255 
 0 
 163 
 58 
 80 
 255 
 80 
 255 
 28 
 12 
 0 
 1 
 203 
 0 
 0 
 124 
 26 
