 128 
 255 
 87 
 128 
 57 
 96 
 58 
 157 
 91 
 79 
 84 
 81 
 151 
 7 
 48 
 137 
 16 
 138 
 39 
 156 
 87 
 116 
 21 
 71 
 184 
 251 
 182 
 25 
 166 
 13 
 105 
 56 
 232 
 24 
 109 
 3 
 70 
 92 
 100 
 76 
 229 
 29 
 184 
 202 
 20 
 199 
 6 
 255 
 91 
 105 
 16 
 157 
 0 
 2 
 100 
 13 
 0 
 0 
 234 
 254 
 234 
 254 
 29 
 254 
 51 
 254 
 157 
 254 
 157 
 254 
 84 
 254 
 1 
 0 
 128 
 115 
 149 
 0 
 0 
 0 
 25 
 0 
 2 
 4 
 1 
 1 
 103 
 253 
 183 
 253 
 255 
 255 
 7 
 171 
 0 
 1 
 128 
 255 
 20 
 0 
 0 
 0 
 0 
 0 
 0 
 128 
 46 
 253 
 0 
 80 
 255 
 198 
 1 
 255 
 0 
 163 
 58 
 80 
 255 
 80 
 255 
 28 
 12 
 0 
 1 
 187 
 0 
 0 
 124 
 26 
